0.9609375 0.011199951 
1.9213257 0.045455933 
2.8805542 0.1038208 
3.8379364 0.18725586 
4.7926788 0.29672241 
5.7439423 0.43312073 
6.6908112 0.59727478 
7.632309 0.78988647 
8.5673676 1.0115967 
9.4949493 1.2627716 
10.413956 1.5437317 
11.323303 1.8545074 
12.22197 2.194931 
13.108978 2.5646515 
13.98349 2.9630737 
14.844757 3.3893433 
15.692215 3.8424683 
16.525436 4.3212738 
17.344223 4.8243713 
18.148529 5.350296 
18.938553 5.8974609 
19.714615 6.4642639 
20.477264 7.048996 
21.227173 7.6499786 
21.965195 8.2655182 
22.692261 8.8939362 
23.409454 9.5336304 
24.11792 10.182968 
24.818878 10.840393 
25.513641 11.504395 
26.203506 12.173477 
26.889847 12.846161 
27.574036 13.521027 
28.257477 14.196671 
28.941559 14.871658 
29.62767 15.544586 
30.317169 16.214035 
31.011414 16.878571 
31.711731 17.536697 
32.419342 18.186966 
33.135452 18.827866 
33.861191 19.457825 
34.597626 20.075256 
35.345642 20.678604 
36.106049 21.266235 
36.879562 21.836502 
37.666672 22.387863 
38.467728 22.918747 
39.282928 23.427643 
40.112244 23.913162 
40.955536 24.374008 
41.812408 24.809052 
42.682388 25.21727 
43.564789 25.597885 
44.458832 25.950302 
45.363617 26.274109 
46.278214 26.569107 
47.201599 26.835297 
48.132767 27.072891 
49.070679 27.282181 
50.014374 27.463745 
50.962875 27.618179 
51.915314 27.746201 
52.870834 27.848633 
53.82869 27.926361 
54.788177 27.980301 
55.748688 28.011353 
56.709656 28.020493 
57.670593 28.008682 
58.628708 27.940704 
59.583115 27.828308 
60.533752 27.687607 
61.479462 27.516953 
62.418869 27.314499 
63.350388 27.078369 
64.272125 26.806595 
65.18187 26.497101 
66.077118 26.147873 
66.954926 25.756912 
67.811935 25.322296 
68.644363 24.84227 
69.447968 24.31546 
70.218079 23.740829 
70.949677 23.117935 
71.637466 22.447006 
72.276047 21.72908 
72.860062 20.966156 
73.384476 20.161102 
73.844711 19.317719 
74.236908 18.440643 
74.558029 17.535126 
74.805923 16.606888 
74.979431 15.661896 
75.078156 14.706207 
75.102554 13.745712 
75.053635 12.786163 
74.932953 11.832962 
74.742386 10.891235 
74.484116 9.9657745 
74.160522 9.0610809 
73.774109 8.181366 
73.327499 7.3306427 
72.82341 6.5126495 
72.264679 5.730957 
71.654251 4.9889221 
70.99527 4.2896576 
70.290924 3.6361084 
69.544693 3.0308228 
68.760101 2.4761505 
67.940918 1.9739685 
67.090973 1.5258179 
66.214172 1.1327515 
65.314453 0.79541016 
64.395767 0.51382446 
63.461853 0.28771973 
62.516373 0.11628723 
61.562729 -0.001663208 
60.60408 -0.067657471 
59.643295 -0.083496094 
58.682907 -0.051193237 
57.723816 0.0010223389 
56.763016 0.020736694 
55.803085 0.066070557 
54.844772 0.13771057 
53.88884 0.23622131 
52.936111 0.36203003 
51.987457 0.51551819 
51.043716 0.69685364 
50.105789 0.90614319 
49.174515 1.1432648 
48.250687 1.4079742 
47.335114 1.6999054 
46.428452 2.0184479 
45.531311 2.3628845 
44.644196 2.7324371 
43.767532 3.1260986 
42.901566 3.5428009 
42.046478 3.9813843 
41.202332 4.4406738 
40.369034 4.9193878 
39.546402 5.4161987 
38.734177 5.9298401 
37.931961 6.4589844 
37.139297 7.0023499 
36.355637 7.5586243 
35.580383 8.1265411 
34.812866 8.7048798 
34.052383 9.29245 
33.298172 9.8880615 
32.549454 10.49054 
31.80542 11.098801 
31.065247 11.711761 
30.328064 12.328323 
29.593048 12.947449 
28.859314 13.5681 
28.126007 14.189255 
27.392227 14.809875 
26.65715 15.428955 
25.919937 16.045456 
25.179718 16.65834 
24.435638 17.266571 
23.686935 17.869064 
22.9328 18.464752 
22.172485 19.052551 
21.405273 19.631287 
20.630478 20.19986 
19.847473 20.757034 
19.055679 21.301682 
18.254608 21.83255 
17.443787 22.34845 
16.62291 22.848129 
15.791672 23.330383 
14.94989 23.794037 
14.097534 24.2379 
13.234619 24.660843 
12.361267 25.061859 
11.477753 25.439911 
10.584412 25.794113 
9.6817017 26.123718 
8.7701569 26.428009 
7.8503876 26.706467 
6.9230804 26.958694 
5.9889679 27.184418 
5.0488281 27.38353 
4.1034393 27.556015 
3.153595 27.702026 
2.2000885 27.821838 
1.2436981 27.915802 
0.28514099 27.98439 
-0.67526245 27.986664 
-1.6339569 27.921555 
-2.5873718 27.801773 
-3.5322876 27.627289 
-4.4655457 27.398499 
-5.3840332 27.116196 
-6.2847443 26.781479 
-7.1648407 26.395782 
-8.0216522 25.960785 
-8.8526306 25.478302 
-9.6554718 24.950302 
-10.427979 24.378815 
-11.168015 23.765884 
-11.873611 23.113571 
-12.542725 22.42392 
-13.173386 21.698929 
-13.763504 20.940582 
-14.310944 20.150864 
-14.813339 19.331757 
-15.268158 18.485306 
-15.672638 17.613708 
-16.023682 16.719254 
-16.317947 15.80455 
-16.551788 14.872589 
-16.721268 13.926834 
-16.822266 12.971329 
-16.850555 12.010956 
-16.8022 11.051422 
-16.673645 10.099335 
-16.462296 9.1621552 
-16.166809 8.2480316 
-15.787659 7.3653412 
-15.327255 6.5221863 
-14.789963 5.7258148 
-14.1819 4.9820251 
-13.510437 4.2949066 
-12.783539 3.6666718 
-12.009262 3.0977783 
-11.195251 2.587326 
-10.348434 2.1332855 
-9.4749146 1.7329254 
-8.5799255 1.3831482 
-7.6678619 1.0806427 
-6.7423401 0.82215881 
-5.8063507 0.60444641 
-4.8623657 0.42457581 
-3.912384 0.27967834 
-2.9580078 0.16714478 
-2.0005493 0.084671021 
-1.0411072 0.030029297