2.6318817 0.082962036 
5.2537689 0.32722473 
7.8567657 0.72531128 
10.433228 1.2694702 
12.976547 1.9520416 
15.481064 2.7655945 
17.941864 3.7031708 
20.354584 4.7583923 
22.715332 5.9252777 
25.020432 7.1986237 
27.266281 8.573761 
29.449356 10.046539 
31.565872 11.613464 
33.611801 13.2715 
35.582733 15.01799 
37.473694 16.850784 
39.278961 18.768021 
40.991989 20.768066 
42.605118 22.849487 
44.109573 25.010757 
45.494827 27.250229 
46.748856 29.565704 
47.857574 31.954086 
48.804871 34.410873 
49.572433 36.92952 
50.140213 39.500473 
50.486816 42.110321 
50.591553 44.740845 
50.436081 47.368744 
50.007446 49.965988 
49.919113 52.597137 
49.676956 55.219208 
49.280869 57.82251 
48.738602 60.399368 
48.057831 62.943161 
47.245987 65.448242 
46.309937 67.909637 
45.256271 70.323029 
44.090851 72.684494 
42.818832 74.990326 
41.445038 77.237 
39.973526 79.420929 
38.407791 81.538315 
36.750977 83.585236 
35.00563 85.557205 
33.173981 87.449249 
31.257843 89.255676 
29.258865 90.969955 
27.178543 92.584503 
25.01828 94.090408 
22.779816 95.47731 
20.465363 96.7332 
18.077927 97.843933 
15.621994 98.793503 
13.104111 99.563553 
10.533768 100.13405 
7.9243317 100.48375 
5.2939301 100.59183 
2.6658325 100.4399 
0.067993164 100.01491 
-2.5624084 99.921234 
-5.1846619 99.681168 
-7.788269 99.287079 
-10.365524 98.746704 
-12.909805 98.067749 
-15.415405 97.257507 
-17.877411 96.32309 
-20.291473 95.27095 
-22.653625 94.106918 
-24.96022 92.836319 
-27.207718 91.463867 
-29.392471 89.993576 
-31.510788 88.429077 
-33.55867 86.773468 
-35.531662 85.029282 
-37.42482 83.198761 
-39.232407 81.283722 
-40.947937 79.285812 
-42.563873 77.206543 
-44.071228 75.047333 
-45.459793 72.809891 
-46.717484 70.496414 
-47.830307 68.10994 
-48.782104 65.654892 
-49.554688 63.137756 
-50.127884 60.568008 
-50.480698 57.959 
-50.592117 55.32872 
-50.443695 52.700424 
-50.022354 50.10199 
-49.923355 47.472321 
-49.685379 44.849869 
-49.293289 42.245972 
-48.754822 39.668304 
-48.07756 37.123581 
-47.269028 34.617432 
-46.336227 32.1548 
-45.285614 29.740067 
-44.123001 27.377228 
-42.853806 25.069839 
-41.482635 22.821564 
-40.013626 20.635956 
-38.450378 18.516739 
-36.795959 16.467865 
-35.052902 14.493866 
-33.223495 12.599655 
-31.309601 10.790863 
-29.312759 9.0740509 
-27.234543 7.4568024 
-25.076385 5.9479065 
-22.839966 4.5576782 
-20.527481 3.2982025 
-18.141953 2.1833496 
-15.687744 1.2293549 
-13.171402 0.45428467 
-10.602295 -0.12171936 
-7.9936829 -0.47758484 
-5.3635559 -0.59228516 
-2.7350464 -0.44743347